8029593177
-3922826095
4337725119
-1076529242
12417859061
3334237302
-24752397737
-6284103351
-6134377209
6244981145
-1588877511
-16760424280
7041948195
4600417472
3507863197
11098535598
11642642537
8299882273
7413040736
-830917466
280784861
-9033905747
8892372912
4308800627
9283053124
17956053724
6820697436
2984965508
-7470011242
-4798280194
-1585232420
8139175008
1135186354
-7024248638
3031707630
5868019484
4068644149
-8476977827
-2033361494
-6031472967
-4117519264
15492897533
-1544733220
-6976077763
-6000973918
-1532949676
4967486436
-12719627109
-1581001789
1133842633
-5274952036
4942638339
4901615212
1307962663
-18154627446
8806100895
3806213217
-52177294
-1699412432
-4401033519
-1305536962
2449354003
14534732882
-5985983757
20013788961
-3897446325
7183396103
-13755848279
-7240587091
-17250644691
-17597987900
-969855278
