19542,19430
19359,19379,19297
19494,19410,19454,19564
19277,19257,19172
19721,19063
19198,19425
19672
19641,19175,19391,19537
19456,19207,19228,19895,19405
19301,19927,19196
19553,19136,19200,19698,19279
19279,19436,19493,19850,19081,19870
19917,19897,19580
19872,19252
19470,19962
19312,19825,19468
19328,19407
19502,19407
19573,19429
19731,19954,19588,19775,19725
19906
19743,19500,19463,19997,19173
19436,19123
19931
19191,19590
19554
19936,19648,19786,19111,19861,19309,19873
19903
19746,19481,19373,19922
19349,19242,19075
19528
19605,19175
19239,19903,19255,19271
19301,19518
19538,20000
19870,19262,19333,19930
19130,19756
19985
19863,19332
19237,19357,19891,19558,19937,19567
19062,19546
19253
19542,19558,19058,19274,19486
19059,19842,19598
19254,19207,19566
19575
19515,19386,19079,19115
19466,19634,19219,19481
19672,19573,19934
19539,19583,19503,19287
19310
19815,19726
19765,19051,19551,19670
19940
19977,19768
19961
19904
19570
19474,19651,19620
19966,19240,19625,19356,19763
19063,19345,19379,19545
19250,19204
19814
19495,19157
19388,19249
19301,19746,19516,19454,19289,19497,19141
19786,19511
19203,19471,19946,19837
19647,19407
19616,19468,19860,19423,19494
19426,19938
19400,19894
19945,19231
19526,19258,19681
19088,19391,19102,19416,19866
19155,19169
19543
19960,19466
