767630961,-1282201206,-2012716049,-1904204627,-483877514,1157050988,761787535,-101053298,-925926497,-18570507,1953098370,-393112288,434694702,782975551,332500652,-58199700,1321870322,1231343625,263166301,-935085480,-1650626340,836010683,-395152885,1130874444,1577668306,1353834919,1636709954,1468880663,1071698883,407928721,-1423328296,785957396,-2001756933,1806326129,-413334940,946730632
-1259676298,-1688156177,1195148878,-360288516,217374286,383137004,217126069,-2146579804,-63048028,-498543771,-413904983,1419676600,704520426,-109296265,1346230032,-408501755,-648378537,-918917376,-1312573834,1156519657,-1189162957,1651377814,1068848363,-274085523,705194578,278970810,1056636715,-1385375848,1574673885,-273444788,-1319014401,-57349886,917661016,1595579202,854260451,-1017917786,-2039393569,1598945940,1530281193,-712594436,-1437661774,1270568570,-1272678435,-1398989497,-1306594316,-1080825895,1021836200,127659819,-2032628561,966102010,272974329,-421839998,1407186459,-1448812676,-1806196703,1355349871,-752489441,368678028,869577534
-913800424,66943058,47704731,675809341,-952708392,236051374,2113000535,-1903955960,729140720,-1032432861,1338839108,1677120033,205834546,2076639763,1651838224,1420849926,1296332657,-1204296404,-2090273878,-885141194,1043029386,-1659514846,1063740638,-1644545019,608109224,-680717666,-360321726,559580080,1006198978,608237685,-990817451,-718104912,-327788184,700356893,-220060700,-769187758,-37932353,1384688220,1361256623,1166146695,-776576822,1675708993,-1254263476,-172387080,-1780605206
-1422338484,-1771537571,-1782014553,901846552,1897655963,-797715185,-1131099984,-1192757600,-1673806036,1475636187,-1447630560,1611851170,875484373,1314879512,-1001084926,1396762015,-48007049,-240551941,1946170647,660030804,1705393505,971941929,507024854,1685118067,-187133451,1540485517,166813875,-208150634,-202557812,394027115,-1513854812,934575984,1253752471,-2009827147,1989418208,-882260155,1905426438,-1608123491,-1014128407,993881755,-460548884,1147662955,-974790451,-536964559,-2074094749,-807923057,379397543,-1272281040,-1058611284,-1388327175,1867050604,-1890696288
1537780392,-1130622749,1062599453,26574385,696449,1717659381,413402826,1793196682,785953889,-2128770010,-1780274812,-478161671,-1281556107,231763811,-1088964262,-40460431,1041684936,882359549,1068915517,-738275802,1214434077,-2088803083,1019102707,478628211,-1713529602,735953274,960512081,767715838,737188885,1114448303,949669545,577473305,705087161,1898757296,356991872,-1985421461,1641000651,-500215594,-392517756,1367567311,-437377853,-2145520838,-828855108,-97956741,1618870277,-795225224,673587457,858564708,-1380083591,2114975668,1355518892,-97257759,-1227045542,1044264162,319824528,1119255438,582776140
-1166040534,1386880114,-1685638220,448081703,-1544645353,-155847068,-37998780,500413956,2126620357,-1144040535,2093716948,-370917472,-333079187,-1570969374,1811700088,-342193241,-696256704,-1974043612,88126158,1873890151,992978656,-1768596888,-333450089,-654299177,1714987793,1240219429,-835615608,-1412017190,-236175952,1625526843,-32633502,-1139112251,-1756662301,-1050599405,643382848,1674001182,-838878831,72396803,-1177048273,1148198310,-409351660,2127895798,-391535869,-2065983334,814594093,-1897933749,184356456,194692916,1566452536,-1266229506,1544924215,-47276680,1121478560,2085607685,-559137014,-672053204,1617283220,-517440772,2056945682,1172769063,-493969158,-315909629,215149351,84546510
2027667942,-889145312,-1109840421,-288173375,-680866433,622695780,-299296672,-1192884587,-2043141800,772798401,531957003,-431703188,-64656236,-1841425541,-420832341,-1958961461,83629070,-1657875800,-751676429,-979897367,-1675908158,-1223467846,-960682116,-2133723299,-1974721940,-576126115,-1796415472,-1115600361,-1693154450,-1030969213
-1693870188,-1465814282,-1726615108,-186469466,-1509627059,5556319,-127804214,-1547710727,-1075287696,1607068376,546933108,2009494077,208625362,-2001677245,368790682,866943699,-1701651421,-744759714,1576624265,-1147683552,1485000802,1291501096,1277347472,1533065360,1602016915,1983861117,448802259,-600594467,-861525329,1439638275,-11013282,1128683920,1790278108,-852572087,-756445315,2026847431,336953822,1409449516,568460362,-152998343,1375253452,-95312003,-1110433402,663622007,-1452323322,-1691282976,-2080853588,-118785420,-814702234,1020404982,-1789402045,-660149433,-1625885259,-365731906,-409040525,936241710,-581910176,-1349466056,-393284901,-1496812586,977348714,-2089209525,-16347743,-917664295,1974793892,-1520993561
-693109369,1622182172,-1785909138,-1113644341,477701864,-1385276718,623782223,287726943,1411667969,275589297,-96268300,-1927524710,1630340182,1269293245,863171294,1155285053,-825838416,-134164344,-514702323,152782412,-1128419552,-1819490582,-963122524,1737103838,-1251239101,-855499536,291457741,-583447245,-2086951226,-1336223212,-2136447014,-1643893493,-1293029844,771254190,146113708,1119347509,402795982,394954666,-1997019560,-1661882779,-72483037,-1277001093,1832099078,1678263114,1040393793,1073135695,731674397,1191291616,-1355893853,1458192772,-382958948,-1646775806,-1383989716,1076800090,915849418,-1117372862,-847070868,1896797673,-918622190,779754492,1794092065
1724485671,1729108393,-998520065,2026895422,1835369583,1707246704,-136725581,929175420,-1725761379,-932947454,1691223077,86237964,-440308832,-793459802,-1130468867,-97412538,-560397125,-1033458030,597247593,-884859567,-505309452,765007229,618123804,-1352867113,64747186,-174993551,-385176167,235738364,1871218081,777385957,-934270544,1853163915,-1746921255,-1848097782,1359483977,1713670514,-466444994,807852389
768056176,-22995415,-762873443,790079567,-521484788,-1294003641,420091798,-882909869,1349319880,-1480518975,-1039717954,1526042440,872852630,-572694371,2088783269,1522084279,-1580164213,316988515,-1498476333,1200200466,707563474,715215875,41349845,589115197,639431138,-437237003,-1490226023,-1439756720,2100813299,1004511394,-864532229,-1254136933,-365602643,-75253502,-902497633,-2071957270,148871971,1014303621,1048222464,-1335160311,-383276545,-94553033,1920356041,924415114,-1601197059,-740678882,568904547,-1154545723
-1199610394,-586278450,-536811233,-634327021,-1289386049,-1833028940,-1608363889,-1507427966,1732219782,-168638533,732741982,-823514007,668910626,-2016424422,-220986579,1018644573,1201524528,185704047,-338548932,706987512,-937183774,278707662,1362632168,-529229807,1887977508,-2078759907,997433461,-564638676,2044888576,-1807740002,-836537587,734445108,49032002,-903424564,-1277213944,2122044263,-852872865,1985868139,1370006894,-1083281264,28738450,-136532518,982448569,-1979441284,-539778745,-2010777685,-999803682,617944998,-433714500,-1081673099,1008523406,-254042572,-955952154,-1799027736,-1423598919,1243935014,-216989295,845022241,-1128431277,-1278660148,-917269302,702562110,1882420825,-78445959,1006659712,-1189936075,-2098030570,-854144139,-1971370648,1978891489,-125253214,914676535,1329778721,-1692013731,-983087189,2088818131,-1475005031,-1213405035
-579065935,1951971758,-407013351,824759849,-1464307841,745540631,1117783348,-49633726,284300136,2052884357,1878760765,-777172630,1208120709,-1411465467,-1897268436,-595517328,1980529555,608697768,-938985361,1616518031,-1463984666,-705586076,580990718,-1237525261,-1051266658,1530483260,-246671187,-981663878,30925335,-1020271969,1697273792,2142406078,636063141,1897516557,1704350916,552121683,-360547967,1303898368,-1781764708,566813261,-1297641219,-397935351,-1205472806
933602303,1368119352,807307343,126190618,985651372,1730637505,-422454812,-1468513091,1155990627,-947064101,36214187,804422441,567877612,-1195899157,-1027005904,1090468208,-565753103,1281846753,424775701,-347125123,1200886444,-40444446,-1918524963,1374375765,-693964831,-890185433,1953824007,-1679919968,1498230799,2064298276,80402526,-965530520,-694174239,-1346693140,448379791,-891111393,71859434,-939662381,-1706351620,-672870682,382807186,1105062228,-805035313,-1566776308,-575601078,1913130805,-2016589743,1312215508,-2028107001,2067333353,555577467,1717365883,1494627308,-1763105996,-1121172275,1926087032,1554905673,11579157,-353728674,-772274427,-783226172,1494750943,1774943028,-1578663970,519256021,-1457055320
1647695688,2063236983,-2008602393,81339933,-1017202348,327759899,1479803992,1400994898,1745267556,316635360,1358934051,1173954421,-1749522194,1476628737,-807589572,1294625754,1888798847,1041769103,1219984396,1964111610,-1297257213,267170911,-2100223663,-1136790392,-58538173,-592384187,-1241397950,-717858623,815934382,-863896959,1592188149,-1785443320,-1192689573,51161977,-2034389499,-1276853327,-1329707186,-1158251352,-35410833,1255887900,1826883833,-378896426
-753430522,-510237946,893829001,-1463166875,1712359707,-1765392557,-465976389,-656905614,2044675534,-90572995,149368268,540133987,1205485677,1144940321,1663410105,274298708,1954628463,-793299424,634872462,711968091,-1487259888,151344673,134381593,-1753446604,-1303071713,-790167525,1877230559,2122853920,-346853354,400863380,570906452,-2041805815,-52963733,261285988,455273797,-1053531158,-709008603,1781052862,1023193240,1811158125,2025296561,-939046544,1408133688,-277206827,1142848245,-1848697751,-11824566,143854621,1052991909,459499900,-235781980,-1063806367,-129506346,1258618722,1159082110,-1792971651,1611104976,-1699107067,-1660171414,1061534195,1984735783,566614523,1103392641,-1753090798,361202444,743564624,437019870,412321107,97396960,-2001890168
589710341,-1319955703,675254499,1822843210,-455368915,-839399415,-1907384094,1758302494,1357285031,602877388,482235402,453957994,-40466544,-725349568,-156948761,-1969052718,-1427195417,-1907519701,-2029624493,656295151,1225483377,1667559480,-563855113,-625775482,1138981598,1707899474,-242546158,1073341692,-1021224407,-219570892,911362169,-430877175,849372996,620286016,1423261406,1183841964,1892905971,1299931024,1424175700,999201374,909250039,1628206667,1282164754,2121328010,-636937105,30145081,-1799881866,-2138213061,1475178363,1633881240,-1384222643,-1412508137
-1618000849,1993221457,1905469067,2076642933,56554660,1362873074,-290545593,593322996,1964644106,124928601,1284031725,-246706129,-898062402,1897203881,1653809668,-1477652048,-1350529678,1430753927,-1680613326,1104932120,2037538186,-951034916,1764594090,150097031,-808611418,-1577668647,-441388062,-1425067711,1995047551,-1029280453,232560777,1257102221,1630387190,-1806349617,-2139510344,-295973664,-1933345174,2144952376,520371559,210667579,-1121484471
-1350505438,1634366673,1193626345,-394795124,1904779003,1937950443,1950003608,-412678333,930007234,1957991184,1426151921,1245604272,1106607731,-1094881440,-1568586127,1121155798,-867818769,944785216,-781956023,-154651291,-836986385,1647396155,288063861,-56559301,377370165,-1056180441,1241839629,-8206803,288675587,1313149062,-2031002918,1817435910,-1881544496,-1304727761,-1395769557,-300607281,63192377,1266828846,315834345,267016784,602336821,-1697082649,56440297,1840058327,-539049843,557858945,1841570177,1212913463,1397668234,1188666752,145594717,904194067,-1316758545,-1806825548,-921251182,-1631585188,-1805434839,-1612778927,846108147,741522711,-366675003,685550175,-2134329693,-1518045341
983203156,-1128669716,-1659626054,-979453850,-114547202,839106638,-171255434,430186165,949134246,-1540943911,-1570262889,237953183,-524492942,-1485717570,96027587,1560224475,-1205681141,1064660259,1218898061,875648050,-1308120194,-432340681,-1858427911,104886205,-1495578777,1464197255,-923678401,-1112691117,721315660,1741306767,414335183,-772973764,1822638406,798971026,975092629,-922763223,-489217819,900714157,-1998301570,-1944560536,-1875009451,-197699031,1866494521,-1121658029,2044972988,775836177,2007352130,-1037533687,672394982,1572413188,1448336923,1232596064,-361194204,834302796,-2128296996,-1708351207,-1536646288,864334894,235418350,-2048498347,-131941163,1496851587,970768403,1734643528
-2103401337,366148520,1541929004,1622267243,-1585505552,-645454034,518643063,1093044219,-2630846,1875001094,1606623567,-1596589849,-1517249183,1000037499,-2103271875,-970459620,272489063,1203680262,-387415519,-732680916,497590967,305116108,-1276648347,884070261,1620263250,-1204812181
2014545027,-657178519,810384885,-494267026,-1557485902,-918248654,-1875563716,-335874027,-1702574568,-797480706,-1593170609,-132314102,-9536095,2046668171,-1813854907,-157706436,1428596346,-967050602,-654878152,1924532895,1737381298,218799797,-1959159404,-396630244,1076400159,-1759240862,-1346613359,495287753,906418302,805440602,-1731783683,-1564868774,-278004771,205124136
-118059306,1120976957,74512892,-1121854569,1997097869,1853118834,-2120838976,2069671594,1866368584,-454244274,948125548,548697917,1200592322,517834750,620385945,-625210560,-444203433,1380789683,484589396,-1182268914,-1560485637,1403051652,-311392971,1324152563,-719985299,373211026,-1438388817,654372846,307631019,-2128296851,-1422380888,-1819939657,-617459544,2025029557,2120492619,700441091,144339516,-524101116,-1184072163,1368958213,-1718804901,-619654389,1432507214,-233272520,-1028789879,-193416966,-335138223,979550811,-730175347,1097024037,1774019502,-1680825155,-313382556,1841763556,1309708310
-145701000,2031733178,1919422903,-1843858811,372805393,-1727929416,623609554,-801848537,178217995,-1867859165,-1414563447,1123178438,-998842423,-1802340780,2025140477,1972661802,857987689,-1648087841,1961754520,2104556413,-1813458120,1240373495,204776102,-1683106223,61467752,568982288,-1841002710,311393511,-699896320,1413878726,1440745455,989297582,1195312147
248772829,-729532407,201796660,-1087847608,2069369741,429663061,1818461737,345631886,288430366,-590702038,-30278691,-844676885,-940393143,-294325280,1696855195,-682850093,-1324568910,357729876,1642727289,-927982723,1630490753,-646274581,-1555832559,154625150,38402353,1569180118,-1254338441,699113395,925747879,595569815,-756764826,-1198264476,385709958,1210294468,1952586172,1419260069,1346603457,-549082613,424814632,-1894632961,-1358037391,1526352501,-575397343,2066296912,-1744352537,1983882222,-388048103,-718422545,-1452138747,-298406396,970632946,816478227,1265531081,1670611951,-302362192,-469750156,272882986,1152782033,84174448,-1398120142,-187315673,1613533246,887820697,-1582089994,-970672612,997576957,1697512016,-1196663466,-1408290730,183564304
1190415742,1890318058,-96121359,281322043,-882499829,-137423422,-1469288418,134230027,1443612474,953770744,1680718039,674063948,-498511295,1058204774,-310255834,1147927917,1585032444,1606822525,-1572728033,-1946469995,1079764172,844827733,-386524567,-213211437,-499514948,1930309894,130625788,-388111206,1470160612,-170794443,132493867,-992136085,1947378962,564896753,-1158427163,160677844,-929838170,515534271,-512242121,-105395816,-259210307,1329520883,26259732,-26722769,-1854361200,-943714239,-295691688,1166956400,-2055481314,150776979,-848240118,1359562636,1031969545,419539740,-1862155551,2062884670,372521661,1824307372,678292745,-893557952,571649751,-1577972155,-616201946,-1665202944,1825784515,1742895855,1816410009,1246016147,2123487399,-865618232,1333049345,484684265
1897550686,-961321724,-974210238,-1582890616,-2122982079,1907073102,1679263457,-1599910942,86311634,1721158361,-575733250,214685808,-773270431,1605666159,947871488,1122171138,-1138003593,-756550292,1346008299,-310236490,360691567,-849473080,1026171415,1288819866,1112851787,1490893909,1031251490,699124886,2101176516,-1281447100,-1892014297
1536739490,848717549,1607194159,-1429794383,-2039816114,-1189683250,2028496615,-982300593,1611178149,67723476,1292816019,-1978542710,354732558,-624631335,1305181762,-333548141,1258804174,-1876885906,1596951619,1037374473,1049523354,603657433,-955481897,-1803440993
339726689,466860583,-296021508,-201060453,1424730568,-1586259080,285785826,1305912102,-1936126696,-780403812,-1487792751,-773440944,794512290,-763984213,-1552436883,-1367945871,1074887491,-1476983053,815640286,1306059274,-1051927575,1689438508,-2101867145,-278156263,1452965973,-1859285009,-136802214,1636790446,1840791329,-276968855,1104134361,180551102,-382128123,1586561611,-1710688416,-1736422602,-1549911723,-1468746492
1998166355,-282365491,-1095300046,1263117491,404332592,738941585,1094068565,157749061,1237230752,-1478675090,233568453,-1872141067,-749631939,-1210320027,514834406,-1411628617,-594076992,-1516259478,-1278879079,2093164846,-1683264877,-564967064,-89564171,-507204783,1903927972,1767167369,1057130038,-321867956,722259836,232219571,-1418179083,1143343267,168473999,-1820298411,-1875223399,70892189,-1829020971
-1593555443,-1555788321,-802613863,192016029,724690354,-1939743658,-1222757232,1703496727,-1584916841,-512444582,-123038676,561488885,903101159,-1363751921,-1709394638,1006497911,1941456546,455518735,-19060598,-1655798987,-1021296240,-331263931,1295279189,-2060929366,1866036337,1405953051,1961907780,-566250506,-946686599,574273239,1142966055,86069471,1603307514
1785914308,-1365358056,2077688675,-509026934,-1473544470,-2113577530,-1057573528,-343263383,-1755258683,815204927,29946754,1581435525,109655922,-575671020,565923738,840671002,259783893,1451507281,-686742528,-1088432939,1598809514,891700227,1578986145,-2147091453,1055403482,-1388865031,-1682567,-1443668758,731239951,-2125776433,2143768134,2032259447,1447470730,-622055640,-608339075,2010584345,1792871219,1420575802,1163245697,-1297699093,432610545,433222286,1156758290,-1595549160,677145660,981015560,-1181421565,80416890,1006067951,560484389,-206237393,-1842799740,856441698
-849500499,1330630498,169951928,1712279463,465495874,1335546974,-205779852,34392314,-1707365353,752427653,901171538,1385351443,-475698261,-96595062,1713869652,613914426,-817336310,-348705047,-218056422,596650284,-1547125697,-1869605809,992043638,-1982648804,-857516794,16787512,2062772799,1492338170,-768679738,97773274,321683813,-1376851722,523358909,589168961,991293254,1173930823,533960060,452634810,-1843428545,-1954313945,1519478934,254913653,-1548252284,610830114,-1825118828,975850853,-978655948,430994064,-664444885,435022955,-1846707801,872037984,1530172848,-198904142,-102974198,-185337834,1978294219,-1832143780,-938278354,-619319018,-1402053013,-1525490339,-1610893412,152090658,1106889977,414849191,-993664532,1919067936,986904271,879806855
-896399072,-102301973,229363534,-1919352695,1624579230,-938742049,-635102413,-1328815429,247559683,1356873996,1898201208,-1342736639,1915782769,-824419825,1358783178,-546917664,-652260672,1081976186,-1943656723,-806230493,-567580990,-1967502906,-451507816,16454126,-2052050738,208119688,52805789,-1712317166,1252684156,2049775587,1525779021,399210915,-1884169300,910138941,350261017,-780070968,801341645,28999989,-1036600964,382632401,-729234085,1513357012,121415704,-2067587698,1752865193,74223618,-446063073,-1681584418,-1694958880,-806719686,93427188,555657094,1735065671,507139713,772758033,-344469437,-688129852,-156653421,-33765334,1129117473,2060344482,-1411548832,-2096520558,1874202381,449157012,1189947830,1571001310,-1578797911,-946606343,-220296642,-584562489,-1880109985,1707739232,-1630750292,-435895212
662295631,-1948110286,204689976,1048915950,-1965629120,-1042171339,935050104,1645521855,-497394965,-1467929534,1827643729,-31111548,915487178,-1332458941,425140823,449321601,1327458010,-315289619,518008289,1943408765,-1209346146,1308244092,-215668316,772128405,-988944792,1596189602,-1631203939,-746594227,-1939838245,-961428036,1930910260,565885927,-363112789,1423224646,-1994421090,-1776940809,1511185062,1315059601,-836766334,204876855,1497323512,1880516274,-1372744225,-239674217
348928701,-1632967124,-1413839464,-923577749,1722041395,-1892111424,2103245530,759970451,-963373640,-233553804,258298099,1683106404,-967804151,-752865146,1123807105,2001771666,-1993364692,-1321315649,669462658,-1140194043,-255858200,1047576280,1143087330,-1587755044,614616183,849954330,734410325,-829285195,1107334522,1099256387,511315558,698442283,-118465492,1856917168,-1205564720,-195648097,-1266355494,1031077816,247783180,2045993787,1886699666,12610645,-62561493,449626676,1548616218,919551497,170409957,-1042624178,-612227549,-623592706,189417457,-1654618203,-1035061058,-882327953,115970710,-133395031,83497487,1381258055,-1528648831,930026090,-2142290881,-423963385,-688886823,-1079955179,1522779319,-130434324,1659359376,-21058883,2095344778
665477628,1704654943,944565298,-2143558320,1058996389,304544031,-835436930,1479780014,1412049760,1804386520,-1132583221,-718748679,-778300772,-1403303213,-1717410191,-1815427861,-1214509829,477369557,-1748150912,1523672849,2105426212,-1761024418,1034212012,-2091122511,392796375,2031634480,1784135301,1210691047,-16690879,-1900318706,-1303546390,1598336016,-1918452591,1635820741,-1657929793,-159545492,1931282634,70868591,1414717917,1102642942,362946522,1096001270,490459466,-52575561,-30608148,-867533097,1034006953,-1336053805
-1389278680,24483828,-249139327,-1403354971,-1155888677,-440351641,-511534135,178081096,1331324228,-248133697,-1304375638,63134538,-592853032,59918244,-121258110,-1976976461,976688950,317986403,830657202,93728513,-134363797,-1858367009,1830272897,-339370180,932070257,1723891145,-884068288,144680776,1325668345,1648217358,1215086767,-1219839111,-209707414,-1288958319,1632698015,-318650516,425275944,-217485030,-141143848,-481995500,-225064423,-1769368947,-1828067268,-1508929261,207964260,-124350882,-284549332,-1655455670,444072571
-1552815319,-58262861,1602307419,-1110710228,2140619966,-1871102099,891214354,480819312,-722622050,-1197263336,521522817,-1950425272,-733209336,377368930,1049396835,-118250880,1189628530,415319778,1306941581,823536747,957263461,-1967681500,2103786615,-2142567145,-1430656602,-1768888060,1207585786,1008298689,2007605910,-1513111745,1593187675,34684299,2008783067,-2113157306,383138183,-1573424533,1330630462,1667934806,-813878624,483541350,-1599410218,-424869436,-352903496,1594721022,-925348250,1941910429,1338276571,-998051607,784280835,-2069691282,-1161708974,205078019,1882531578,-1535118753,1499596326,-781698684,-1861098001,1693822342,458748131,-1837141643,1239844169,-38977159,-1154538851,1993345119,-516077619,-1260731355,-1006223049,-602820026,-1318288503,-2010472995,2009635042,-66712363,-665720846,565362357
-553859366,737772112,-718187247,1479145626,892226291,-1316608934,-462956168,-935634753,1846141321,-1595469540,1727693741,-726272786,-2064679426,-1035922400,136936704,-1862133403,-40064222,1471112909,205153249,792580363,-1558754582,560138249,1035859125,402931636,-245883549,-1855100378,424078316,-1730552670,-6143261,1374526202,-1176210093,230904142,378809730,-1843049905
111476840,1557247432,-2022878594,847344489,1181055261,-1494333785,1951901525,-923967497,-391292265,641291435,-993603775,193939930,-1883018295,-1921084305,799099561,-857876643,1319889772,502178898,-934703721,705507424,1889426500,-1334043285,-781619299,-261850518,643125671,876887993,1915368950,-1335459324,670040127,-1336300129,81828842,1087055172,659920654,-1044714866,348552567,487347111,1871094962,-458911485,-1378744275,-2078099676,-1320612630,-434998348,-397109671,-516203907,-111193512,1580604933,-2012637083,-890183465,1480865928,-2103154751,-1377816450,-1960303987,1534067248,1567428613,1934648439
482135993,561156991,1740048877,202085682,567534077,-90459688,1380044970,1675353556,1407567186,496195182,-274264242,2009714589,193702087,-1244538810,679163436,1828900124,365979053,-1931098815,498076785,-651343536,172227416,1117891724,1927814027,312039735,-1629191385,-1103651747,604695751,1525697188,2043928768,732055259,-1959985860,1447449685,1921102496,-1706622371,-1079473177,319730500,677725906,-658827049,1165141527,1050921277,886806526,-649454960,-561375733,857346224,880383653,444737560,-569108520,-1624376888,576930474,-907647111,1737816208,1032455355,2050775315,-1674110804,-1158610016,-1767658141,-1018193392,1505885518,-507223430,625146894,1171647293,-2061170797,2053558899,-2102276207,-99165660,723027066,-757443347,-372427613
561329474,1211252152,1761893991,-739565608,-973206500,-806206539,1475744842,1004520338,-1581481951,1991997372,-15292145,-1836317273,1597615238,1687635391,332779303,-568188464,-540168435,-376511441,-1956848059,1056919566,1105328574,658494878,-160211406,941971693,-1634038825,-201039707,-744428835,-1258116595,-1541061120,-1940839929,377537973,-1912033571,-366096958,-313058026,766289979,2135454122,-1830308806,1259073109,-1997952046,826919128,336057353,-508558242,-1868866855,215061614,-1423893874,1912931077,53362427,-896544809,1198010455,1977922750
-1074365466,-1960528685,-1693766085,247753848,-821648102,-665976499,1240270937,-156110816,401672739,1094493973,144495676,1777952484,1564223140,1060707583,-464441928,74663328,-1107712454,-2143072239,-649129998,-2012382032,-1984855107,720767863,1997688903,580952846,-1891018555,237267898,-406297749,-544981345,932356463,822006065,-1664102187,-1280393783,-711788447,-1284504137,1613822042,-622660024,-163213558,1815775645
1110850882,-1077582290,-295093278,-1908772715,-849908584,12847777,-920268383,-710165209,1102080382,-718742958,-818229046,-383695211,1107361869,1743852939,-710016492,581358078,-810866281,-1926676362,-1371828686,-313934343,1507200124,-1520658206,-1438041532,1642723325,789467707,1851761735,-529762416,-447060989,-1319133429,1344739847,-384484751,-1154639255,-1874050005,397192694,698010767,1593188377
1912045340,-553185713,-1466991382,2056772286,1584803513,1859115917,-1451764667,-572226544,104129416,-1972009080,395830283,-747001253,1029291336,385393693,1733397942,1432959737,-2114552713,-1450670024,965430718,324964098,-1494850976,-1695594105,-319732419,-718741975,-547648168,-94954129,1242216917,-1359377724
22041923,-498257967,-147678420,-1958908835,-2051118669,-1320910198,512947270,1867106359,1707460994,1585028875,1381181793,-1066559746,624648059,-1925724936,899609923,-1710766845,917636005,2129293739,1644474494,1341249142,1934707637,-607364705,-1372235513,1770133877,-2023461181,1312953361
-1846512571,-45666239,901864676,-448484620,121852894,-1337850328,-1462759228,-888401700,1061060268,-599396749,1219774350,-979720959,-786051181,2039195600,-1356779281,-10689111,1069686068,-752795243,79861579,-920916426,-1858678418,950810352,1094921439,-617961613,236647719,-1386903198,-1064827095,-926602959,1597027404,-1690792338,-274862970,-1609817838,759340565,-486251379,1820022813,223302308,-2124536435,1443578724,-930850821,-1476950863,1360471633,1962548024,1290512767,-1282314284,-889687657,-1842989151,1809758200,-847216049,1191290738,-1962550915,-1742708340,16354588,-430776237,-1136395225,-661608869,743616065,1613425363,-1641104919,-1000495645,-1246294936,-1318772305,1329791918,2038206117,1193424814
-544235524,1204773897,-1016052806,1401342490,1289004320,306626174,1301081874,227121044,467919530,178055653,278752169,-76685558,1528426011,1312425519,1369808059,-1609192704,-1827748132,-777580988,434298333,1153594233,-384285326,-571479770,-1172068529,-126251584,438815216,1991436630,1409590164,484004964,1328537004,1117675126,594610756,-1765127293,1708506165,-654107345,709710880,-1637366453,-1677854844,-1607655084,789617767,-2060465474,-1979536528,262254151,1451377511,-1002287948,-1588267929,829723035,1981195862,-1435246298,-1825399461,-1931711494,415170658,58233001,-533448455,1145578569,-257046266,-1028687817,-1660478944
-2033048674,-715111627,636084112,-181509120,-1444793283,-1110982224,-256276766,2118976536,-1007325762,-94298390,130562743,1021870470,-2077414120,-944931819,-2053746636,1719468078,1929065975,-963382434,-300341331,1143698501,679142535,177227564,-1262295905,1614294328,508242066,428261801,171520228,1546431180,-156983860,1333266560,282623777,358555781,-1572317843,-1162352408,1728348290,1826900812,-208067328,-34185246,421380521,1091992907,-537227653,-1264950594,1040163555,606536731,1051563406,-1612567582,-278323300,-1159901919
-264958002,-555345643,-1292276684,-1932496714,-95478182,1324750931,266725507,-1883988395,-1011936190,-1031226534,1891562422,-2053569525,20144356,-1044954725,-1703710894,1299092970,1583039559,-718935126,1311138913,-1553129482,1735215455,2028937779,2101203281,512477247,-48979826,-1616537554,-1678380516,1698111025,1360731758,1025104977,-417438039,-343389399,-1711414579,-1167913530,1276697457,895891532,-1166611464,-1603164130,-1987635099,-1808613996,1526078012,-546399612,2106628623
2041079721,-23585227,981866743,1493489147,1515477017,91291695,-701783225,274939013,1581180272,-617721304,1364733106,-2003877646,-2051249116,664450753,-417089392,1392730983,-716874753,-530203397,1791722061,-2112696419,924758307
-1677342716,-539624272,-1524467377,366213031,-386589850,1738602038,-600512161,-1756707702,2105892064,392995474,-927545575,-418167400,-1342520067,190683786,2030971686,-1093318,1679663112,891840023,761978717,955903792,1475583989,-1128516996,310107463,-297218364,279046272,1553618330,471838943,460483650,1243691414,-1680723327,359777177,-1035167322,52419572,922637130,1630720933,-1656856937
35179555,-1599399052,1119576980,-759881935,197802922,-603394694,-433169300,419921643,1631059071,774293558,1559963123,993695402,-460628972,-87021969,60328690,702095266,-1313543482,2051837887,-900930465,266811124,1502361905,-882070187,-1038612275,-695236084,748525247,-1362270475,1544044325,1145857354,435987842,-1228846013,-2032195434,188778723,-1802774716,-946811327,2076628426
529934299,-1345975018,1512471385,-457787830,-1013339968,-532595183,1604942210,-34117835,-1024019998,-1675694612,998419224,693011522,-1927230536,-1723227308,-1910427719,-967738125,-1825855851,2401704,1747658054,-532949706,1130345279,190180353,-1880750962,211310093,-400084799,-2070841230,1920701772,-1782963088,1516094335,-794254448,436579667,662037105,-1525028469,-1069278156,-382062841,1760116385,-1297555401,-2083020929,-1925973233,1646368178,-2064986389,-859132643,-731068088,374901341,264653624,-1279149106,1657216252,1434957701,-1740142036,-1868058078,2093402195,-796729188,527487719,-1261459581,50967305,-203799482,1376192110,1451438456,-906373024,-574819013,1073631423,-405683929,-1949519784,-198353551
1018811676,57899038,-1588048007,-444172340,118293320,1097010625,-1644082647,-227021161,1157373771,-430877909,-335752582,379908912,-901185291,-1083093938,1323042740,1977951328,1341107978,-761893731,763024840,-84880223,-1158614459,-2110076995,1985243644,793906162,486839455,1223367036,1754779085,-561818903,1637470416,207018241,791727120,-1949852914,2062595605,292670277,-1751677863,1596446821,243237940,-1074280255,242962593,800596044,830686141,729459305
-1324392057,1590369937,2116915672,1001239173,-721811047,-775799640,354418891,108347967,169945941,1219766542,1104049107,1733731640,-639305037,-2054946003,286618694,-1017289555,1279439335,-389087150,921654646,-1076181674,-2054474833,737608041,-801894107,-199828278,-131006740,-2095431413,1125513015,-1775036126,-901167244,-1932960326,1267541161,-1833230627,1271220262,714949739,-1920010814,-20242173,2099651134,803389252,-1425152121,-914286708,801037801,1252633765,1519492211,1558214657,-1916968933,1944199788,-872548249,-962177949,1114401184,-586022539,1998292959,1896219724,-944901263,-774783649,1508025958,941931604,-573670328
-2035410869,900511670,197598070,-658312052,1938885525,1177999410,1896705268,1167074889,-1084771277,-1898717132,-1133663561,1346658086,-2055669897,32287541,-430143673,-1505107500,62053061,-1807546272,1307811218,484694947,1500686727,-481092743,396659197,1650985472,-708508061,133130234,-1998847813,-164711361,1536777136,552594046,-2054195870,-1226703461,1357340453,1550771298
-1176382598,-1157849901,1620327849,-1647334951,1040317428,874724693,-1986354912,871576428,742131862,1546812229,2143794882,-558082474,-2109263518,162298865,-809295779,-827004802,1101290522,-1961590962,-129098635,261961444,-1580411971,-1553753300,1947726695,1729943030,-1575586735,-130976342,-1282829615,-1774214367,130567907,2005512941,1931803441,667470762,-217642548
-172268597,-1414599491,-1578073803,-468699826,545732816,-1984847674,-1733137444,-686935657,1751472060,-752218625,534775831,36602142,-1388630529,-465745335,201790745,1826710883,827170271,2142283840,-1161520013,2133279840,-1742287460,-66240119,-1768009762,-670323458,1910981844,1170297453,-1142063305,-496521526,515963945,-305972565
-1824163608,-2128526560,1344485257,2030761426,-999656377,-570908596,2134256428,257293632,606883093,-1344401493,265618729,-986655045,-1123508363,-172145841,-154034085,204061672,-1698808977,1855310400,1216031222,-437377558,992097320,734740896,370763228,-962962132,-438686126,954528784,-1410898898,-200556195,180920805
-1182041050,-1614737988,-1433468146,-1039550417,814981156,801381781,173344360,-1012468581,-312844538,-120785654,2068018281,2073150486,808068796,948310550,1913929758,1714755156,-71721958,-690599473,587257114,-1246056417,611654640,1217705450,494063787,916373116,381073751,-1857063292,946510415,1195833357,-1974514355,-1927918561,2010287974,-1751125835,-992449660
1395439144,-523664511,191910006,1935949892,175385560,1107654341,620633276,-135835774,233488953,-307642746,-1859260000,1286484720,740196417,1896481047,1933165296,-990577642,1979316748,727859718,1267528213,-113109445,-26364909,-1543055560,-174193053,1042627118,-1452276323,-306443182,154867377,1695242819,-1208734091,1448745050,-1657096148,-1684616548,726701020,1560824222,1984726632,2132486569,899111105,-2002482220,885102775,-1244607247,-454834897,-644174718,-120162114,-28592623,-254660346,2025914783,-343052732,1409176581,-494967315,369514106,-339659699,-1253010266,-1010324346,1880572635,1761962855,962071155,-1723008796
-378839741,1892035219,1464789561,573346376,1503061382,-1016207590,-355036717,1157796621,-1325886495,1511139723,-1302121143,-1349272370,-1816175777,-1354567267,711229425,-509173869,-228236547,-1574495166,631363476,60733941,-1998533761,-1486022940,527812708,1773578245,-155550079,-948108559,-1195394002,-311174035,-1294312757,-1851060839,1608347851,1580877781,-1426501143,584122326,1394663900,124293768,345983739,782387884,1666095541,902548566,228318921,-2038557774,335256985,969127611,-1320795878,-2101934640,1633773864,2103381312,1606544197,-1535055287,-1313755883,1749643297,306895880,-1422897669,1650115867,1557845295,-999980904,-1619478811,1128864049,-1540185353,-1829004552,924462570,-364847621,-1857627612,691059086,-1556668204,-1976637308,242348321,743314418,-677912422,1292273962,-1534048766,1842274569,-1582219291,-1381129767,1885883044,-376210862,1066931664,165112699
-1076699009,1499703535,1556192943,1936395818,63403335,1461536403,-2100366408,-2047582080,177012346,-1703179701,1983196599,1237170561,-562870699,2056001964,94643484,762401499,728362263,1482086485,-1439791782,-1914623460,-966836269,1521604653,1628713434,-254331751,1421158536,1965918702,60393009,391802256,1603046254,913633767,840295828,-21749104,-1445419630,1576396029,-350794357,-2041372135,623984804,-1822322190,-1423974428,39891070,-1452027889,2094389993,6133738,1370842898,1001442122,1317290793,-687104298,1209688451,1793317230,1085502753,439350150,900029824,432710151,-616258389,1079990636,-1077628766,236410670,-122269292,-665009464,-92653432,997805271,-902680996,1963502105,-158160572,-37277338,181153593,1986531024,-1365713419,641448840
366086471,639307700,-848371392,478317193,-120706576,-1747839309,-2084377536,-925572952,1906641,93919651,-1919025286,-1647883776,1644700207,1395019606,-46276107,1233648990,-1481918071,542881446,1786585828,-983401825,1471939528,-737089388,-826414349,-1036246154,-444465229,312830131,1235226340,2000362605,-2084377688,918362055,-1083361446,-787760599,1479205768,880716968,-444648971,-1128726799
-1564059796,1217511326,1699802225,-253112139,-398658876,-1775078365,1876274618,-1900366721,-832149594,982940421,-1987519092,1889730521,-121624788,-1874373232,2041474263,-565368489,204660411,479520300,-1648824961,1719968010,833145447,-473146125,-1918286497,1450877241,801917334,-669460093,713559441,-1178937775,-1576494621,-286534124,-1702944277,1840124441,2153540,1617868,-1988221749,-424116695,-934295442,1219485777,1119681303,333709724,1613017719,660323488,-82082689,-539046396,1014548157,1640615197,-1903291387,-568244322,-786325498,1204359914,1740270782,-259146554,1270127592,980864635,-1327413543,1024172,1946194283,827890538,-194207520,417807688,1595526636,-1780746873,708534590,1688866955,959347779
-918090752,399460566,-182986200,74678509,-876048161,-1440541521,-2130780206,37276205,-489851522,-1074611790,1806777824,-127566992,494854127,1617864388,145610108,1701812628,-1938799237,1138685327,-675410243,-672814491,1919140258,-1390801111,-1570524851,369576567,776886624,-596350954,-1413930165,-1427059659,-2042188111,1650165616,-522440078,435762234,1823270999,-1942106780,-19281030,-1828509985,-662515238,-1434211104,-1852619842,-1787389164,869758928
-612624098,-1264425357,395953246,-1539652877,-1701229530,883029650,794419198,-2016910836,437893231,-1680553064,-642164094,-1355561512,-1821307067,-1883600878,1472618584,1913625187,-195733366,1843374599,-1904312306,-1270919950,983113177,1739866441,-1233533928,598154363,-1445288978,1810315021,243737809,1726496087,-1146956220,-1636435267,990877375,-670104523,1192544511,1665771533,1839544603,1510231121,-1812400884,993524300,-2106038129,1458736358,-604138874,-1446010628,-1127957951,-1008578079,-961039013,-1598240348,-1142676721,-640087082,931598383,755757795,953601820,-100635849,-96960129,1482579144,1811049867,1208728259,-1973301495,-310072735,-61606774,-9179845,204682091,2049542289,-1428479598,1819955803,706847242,-142643674,-1457047060,-59955448,-1550392011
-1635725450,-1196919611,201521801,-1937035911,-1458270809,411104363,1232884118,50813076,1570722511,-1091704807,1959973058,-1172234573,-1830020701,-56483736,-1663843219,-306604768,495482617,-845963037,-910484394,183963074,-82006065,888444854,1185979196,-1768966153,-2011124847,-73950044,1677057224,1507654311,1987528346,-974886082,1867797929,1459739542,1544407291,-2027844527,-945245696,239077368,-566917764,-1960140129,-1772407297,-331591094,88728799,-1661841710,-1536490292,866957663,-191536789,1655299757,-626232918,-1711846216,-1332988248,2136488836,-1808220326,-286621159,1637599590,-1202926610,-250613313,690802776,2017070084,-1972224840,-1546414656,-863329417,-1613733138,-1018141412,1116447601,-500761099,-1378759321,-1026835918,1305796213,1174690656,-654027128,-1465645659,-303408995,1453369390,-285076857
-1208878380,-1548197171,-478794692,-1052160978,-1307690945,-302892551,-1445017887,-651269298,-1338683488,326483020,-2015053799,1994247436,418430715,-1434129125,-270115277,390823998,506318203,1683608191,-110946641,-2085055287,-1787670635,-1928965968,-70706944,1385519375,1515653485,1512433306,-268453485,-414877019,-1470409863,1326849961,-1708893937,-2126971319,607905124,-211562777,663782366,-1970781422,-1959728332,-328702135,-1180432916,1852867817,-1105868626
473298606,1676775991,1371483896,-1768555096,-1019477658,1336191200,183134336,383714725,-1100517980,-454054289,-310706404,1024804912,-9720817,-1321781359,1785340019,2005138572,-2137363611,-1629154617,1926298,-938126813,968718784,-1723839913,1947261697,-1283537515,-1864960486,1483657603,-182812272,-2110442734,133469714,2110279933
