11123,1188,4915,3154,1574,8660,2565,4338,7719,7752,915,17017,16642,4727,10634,19542,19430,11768,11711,9995,15302,9568
18005,15655,1582,1202,9225,15066,11104,14538,2921,8693,12278,5935,9455,16102,14420,12238,19359,14349,9207,12761,9884,14722,1044,3826,19379,13702,NA,21,9011,16283,10540,15003,16230,6070,856,11347,12673,11186,16924,4296,4782,14273,12023,9898,11367,1057,7063,17845,10906,3640,590,7730,4720,2208,19297
11800,3017,13144,6246,10380,13108,19042,2808,3472,7387,7450,15135,6242,1515,2461,NA,16646,9845,NA,7570,NA,8709,19494,6573,14279,2763,334,19410,15369,4353,NA,9886,11145,1454,NA,4615,16248,14496,13331,4844,10996,12935,10651,11781,306,NA,13909,1499,3849,19454,3532,13748,12476,1717,14617,15560,7150,NA,19564,10870,1399,NA,17051,577,7187,13108,17792,11038,5697,10340,13564,2309,NA,635,12972,17180,18186,10707,5823
16241,15578,16876,8092,10912,2595,4098,1850,9288,1213,12777,6287,3766,17602,14651,6210,12207,NA,18183,19277,4673,3824,14221,5184,NA,19257,12793,NA,10330,19172,NA,8584,8311,9894,13239,14723
8809,16604,9166,464,4653,2515,16130,15659,8455,6181,627,11981,2161,15315,14515,11329,NA,15363,5203,12886,3357,7935,NA,3083,16463,10030,13875,NA,14958,15008,5749,9091,13959,3703,5894,NA,11257,6155,12649,14122,11913,19721,2124,4469,8482,14332,10511,5948,18112,16746,1528,6859,2395,4224,9192,NA,9395,3485,7501,3574,18918,3630,NA,11637,4353,5544,951,19063
9928,1748,18605,15541,12035,9430,9100,12828,2942,5644,15267,3950,11542,1618,NA,13422,NA,3593,17094,11022,NA,11824,5553,11125,13884,11714,18172,19198,18095,16211,6731,3934,3004,16663,9085,9842,19038,11540,2717,1753,7841,5851,909,1130,12704,NA,802,10930,NA,319,16738,63,NA,8417,16148,16492,1555,19,13452,17242,2606,6970,12742,10706,17332,5452,13661,10346,18598,2046,19425,11904,17813,3647,18348
3563,4894,8125,14828,17892,13702,7100,11780,6059,17075,6437,2733,9971,10263,19672,3928,2845,2417,11180,6618,6259,13604,1874,8301,866
1637,13253,17821,1978,16605,17961,5387,9930,13555,4254,4862,16982,12891,11387,17224,5447,8479,11090,12829,4583,14315,10948,4174,13458,19641,6240,NA,5524,15991,13864,157,15951,17592,18773,NA,11520,15885,5588,10564,NA,15648,4919,2024,19175,13024,9098,17932,6994,19391,10250,6551,11768,5049,11071,8396,15315,12378,19537
8113,14146,18632,16987,14597,18307,18254,15217,10825,18649,7384,13714,NA,16258,17164,4022,6517,NA,8583,657,19456,12520,1877,6633,6572,799,767,18676,18815,11035,5633,13956,8774,19207,11383,19228,NA,4565,NA,15965,12640,5030,NA,8506,6243,19895,16700,11903,2369,10620,16951,11421,5028,10408,13831,1919,NA,594,NA,4875,15917,19405,9074,1374,1429
1852,450,7778,14794,11051,8660,15634,17955,8555,13018,15987,5463,3539,9803,383,1258,NA,4923,7735,9937,12479,13870,NA,5653,16008,9078,13011,NA,17047,8379,16338,11777,13496,8362,19301,11900,14437,NA,9242,14147,12189,10912,17831,2817,15818,19927,14458,1132,11881,10354,16385,2274,9013,3508,4040,15745,NA,6130,1901,1680,NA,13180,9417,13842,18922,19196,2471,6401,9483,2431,11484,3838,16620,3140
2288,17792,19553,2173,5754,15352,5413,14420,3372,11176,13408,11345,11370,7373,9450,11711,10913,10053,19136,19200,7327,18553,NA,8566,14917,4820,18831,19698,1900,2438,11783,662,9711,6728,14628,8416,18782,2938,7953,NA,4570,19279,560,8625,16226,7104,12554,5310,17373,16224,9985,3808,3479,4425,7668,19042,14184
1614,312,19279,6125,5133,11388,14929,14762,5684,13276,3887,7368,3621,5770,19436,10603,8663,2778,5428,NA,16280,14616,4913,9047,2093,NA,14135,997,7038,4037,17284,18844,2979,7381,NA,2224,12618,426,17853,3367,10530,4517,4146,13066,14996,NA,4133,17820,15913,1031,NA,4879,3339,14680,5596,7589,374,19493,5162,19850,16699,2146,NA,13019,5896,16219,3279,NA,13048,19081,5894,19870,633
996,17068,6680,6414,5567,12472,2054,4543,18128,14249,8315,14207,10689,3732,3133,19917,6017,19897,13747,2875,12657,14401,13387,9797,12738,6877,5402,6051,3620,1298,NA,12594,8175,9820,4445,10584,NA,14604,6303,14727,3179,11884,NA,5961,1547,7240,17250,1355,1092,10247,13576,4526,NA,1974,12572,15845,1555,6249,7394,7266,8261,19580,8596,1337
12423,14123,5460,7089,11424,1444,1316,7419,15390,13431,12740,14820,6817,9350,13381,13407,16650,15080,12060,16254,7972,14466,NA,314,17487,4507,8123,11662,4259,9252,15369,2269,15068,10248,1084,6262,8562,NA,17530,5705,19872,8629,13867,6866,3434,4342,16883,NA,10278,5122,17781,6856,8374,2025,19252,1427,18360,1555,2122,4903,11830,816,NA,16930,18798,5199,16278,12428
18195,4360,17481,1312,16178,10294,16923,13837,13138,2667,9363,4420,10371,NA,9873,15909,10945,19470,NA,7561,100,6539,10220,5784,NA,8541,18147,2119,19962,14579,8219,13007,5627,4665,6718,5214,NA,7673,11164,6608,12731,7264,2526,12823,12731
8869,6556,6472,5860,3935,6675,19312,3343,4583,10784,18212,16594,15525,17290,634,9567,8323,10288,4194,17362,8901,147,18155,9336,18979,6622,4377,878,14619,17567,10776,4241,16885,7719,15125,7549,11258,10080,4693,5771,6984,NA,17137,8815,NA,19825,5937,19468,4908,1433,12384,17254,18572,5949,18685,8166,14047,16850
13745,10508,4835,3184,17478,6510,17397,7122,15077,17571,11449,1790,NA,4326,9338,1870,1484,4098,5218,8201,10820,11710,17771,NA,18491,9203,6914,19328,18316,7322,19407,4720,1597,13226,14865,3014,2425,16634
15754,16302,15539,13430,6690,86,6281,9969,13284,9762,13158,7399,2295,8355,3367,7862,3948,496,NA,9571,18169,NA,7942,16595,14293,14331,3946,4497,3552,NA,19502,NA,13174,5560,2919,2713,6246,7552,302,NA,19407,16146,15636,13615,9716,5822,4172,2601,NA,3902,NA,18009,4585,16482,14780,2072,10880,6525,18719,3870,13776,2501,14962
4346,16021,12439,347,1503,19573,12480,3712,15609,7827,5920,9221,14929,643,16651,19429,9265,12538,9436,18482,10811
3065,5735,19731,2406,1857,19954,13305,623,1612,14810,6015,75,11195,6237,4367,18691,10146,NA,11150,3627,11275,5839,2484,1330,8291,6631,12544,17091,8067,9294,2508,NA,18091,10586,14516,17593,3645,6425,9466,19588,7093,10517,6276,14950,19775,17986,19725,9427,4832,842,15509,1588,4297,6073,16845,11030,425,9080,11585,NA,13522,7323,2314,1413,13168,8866,2164,5966,71,57,8153,184
8646,19906,759,8886,3280,7536,15919,16813,10989,17477,5971,1207,16718,16798,13822,4950,3982,573,NA,367,12237,9876,12809,12297,11456,9299,2956,8369,2629,15061,15816,14937,NA,14916,18424,3465,6281,8588,18360,3862,8639
11197,5418,17600,9905,19743,17063,9545,11491,11598,2866,15423,9381,9664,15738,4622,6050,NA,13676,19500,13200,8339,4526,9985,12229,3095,16354,14692,NA,1487,18156,5000,6425,1749,3390,19463,6029,1268,19997,5070,NA,15430,9745,NA,7979,9010,1445,NA,6269,NA,3418,2112,6096,8290,9565,NA,12917,3307,11880,2154,7037,3729,10557,14174,19173,6158,13097,6649,17761,6139,194,13593
18337,6164,12842,18136,4526,4411,3487,12205,14706,16081,6895,14032,17826,15888,8660,4531,5252,18353,11622,2000,12258,NA,9074,15497,287,2177,18397,3165,15615,4112,15883,4814,8886,19028,3657,5396,17447,11870,18942,188,453,1591,2061,491,NA,14216,15858,NA,2767,18672,3283,19436,17096,5555,17582,1456,237,NA,15660,2027,2802,NA,4441,19123,1803,5523,10670,8088,11749
1708,7743,9695,15302,10652,4009,1799,11684,17145,14167,585,984,14052,14965,7855,NA,5051,9075,8354,15400,7511,17430,17965,14545,3350,10828,12863,18773
4512,962,18962,14845,3391,6739,9133,15761,2618,17848,8360,8254,16376,14843,4101,7355,2758,4774,2179,NA,2148,10360,2475,19931,18082,15164,13722,12495,6242,1315,9265
16534,9424,12202,10945,15308,9838,8301,7172,9730,10794,4599,2137,NA,13993,13495,14513,6430,19191,5772,3493,8989,5610,4976,8809,13985,14580,19590,18518,11127
19554,5252,8695,15882,10840,11972,5581,1803,9811,18949,11774,15921,3138,17758,9000,15731,4768,15201,7301,1807
17940,17504,12564,8797,4358,10166,7566,3106,3500,5929,7931,8954,13418,4243,NA,6752,15402,1428,14206,4804,11131,7794,8343
8224,19936,9213,16697,5365,9876,16155,18555,4392,12607,9578,NA,10874,16968,NA,19648,19786,16502,2894,NA,5070,8358,NA,16594,11902,16867,4032,9571,6776,19111,NA,9671,11652,NA,700,7139,10744,16395,2127,17441,NA,6498,6093,18443,NA,13339,8986,19861,4776,16705,7381,7657,1876,NA,19309,7817,4102,16861,2090,585,5853,3808,13592,NA,13228,14338,13128,18452,19873,2446,6113,12387,17723,7481,13149,12686
13936,11863,17897,4299,9634,17796,2036,8616,15829,17088,17336,7478,9759,12921,14506,13610,10974,4864,2145,1707,16141,NA,13356,NA,3531,4252,10603,11462,9643,5126,NA,9177,18702,2128,16762,6817,9154,1497,12545,18295,16837,4650,5125,15045,19903,862,7876,12958,11713,4780,17856,16131,18284
5940,3951,5191,7825,10996,14901,16863,17336,14903,15056,13576,14398,14869,4487,13904,NA,5052,12730,19746,10013,17336,13010,12629,3350,630,2118,4220,1989,16609,4810,13424,19481,18061,2959,13778,2636,NA,19373,45,7215,15962,4942,NA,18458,18275,4339,6856,10428,NA,1348,9492,12887,NA,6565,5929,8962,3591,10164,7518,18747,915,2112,13778,NA,3211,17461,12079,19922,13496,13330,3840,NA,2318,10216,6829,7907,15643,12449,18223
9901,9339,468,16300,16138,4248,1436,7261,655,19349,19242,10377,18640,5201,NA,3614,4265,6738,NA,13652,NA,8781,17744,12132,NA,15313,8101,18312,9625,2435,7299,3958,NA,5896,10449,NA,11569,8275,6358,14102,19075,15826,10350,8552,11300,18928
16726,13067,162,4473,17343,5771,6099,12791,10801,18015,6901,10833,907,8013,5204,720,1810,9306,3677,10869,9082,15904,18403,3488,19528,NA,11453,NA,718,10196,18986,3291,4319,NA,417,2798,6726,16289,6842,12510,NA,18591,1310,259,17132,NA,14280,15544,2385,1879,16367,9830,NA,843,1631,12828,14884,9086,3084,NA,15529,11341,17413,702,6594,11229,3399,712,5881,5234,775,1996,15094,9033
14070,1486,6640,3811,18518,13071,2643,13791,7977,14043,13042,2766,8488,19605,7997,13721,10801,2620,1395,19175,13423,16299,8806
8834,3333,13177,12050,19239,13894,15541,5990,161,2808,1717,NA,9795,3940,4734,6985,19903,NA,4191,2698,5104,15738,14224,2939,3700,NA,17193,6466,1683,19255,13851,13293,17424,13899,3341,1917,9153,13274,16752,11104,5957,18051,NA,18648,11637,7841,5445,13253,16175,17799,2895,17961,16656,7004,2281,12434,2108,3693,18368,19271,4926,7326,7704,NA,11511,6090,15869,14226,8521,NA,2541,18361,14755,5988,17898,9801
10195,14127,12867,6255,6668,5275,19301,7457,1581,4545,14952,10398,NA,264,16365,15939,2655,13772,17926,2112,699,4977,7345,NA,9649,12545,14343,2263,11781,13025,5396,6309,1486,10134,17154,NA,6581,7701,16733,5776,16341,19518,14224,12490,1733
15714,14086,1162,12660,10140,4427,14827,15233,6651,7397,12862,19538,13221,689,20000,NA,17143,10081,6953,4065,11414,8591,15141,17217
8438,19870,10983,19262,18099,5303,11826,11062,10311,16221,16410,19333,10913,4562,1212,18356,17504,17591,12654,9181,19930,12655,11393,4475,2399,420,7028,2305,10076,2121,6713,4428,NA,11477,14640,2633,11580,13987,14481,11411,1064,1032,NA,7496,1981,5847,5791,684,NA,13086,326,NA,15823,11341,16283,1633,12101,12011,11356,15527,1665
9972,276,1023,14305,455,14096,1206,1000,2323,2645,19130,13808,6625,5641,3566,3590,NA,7284,19756,7723,15276,16073,16231,7900,NA,7704,13666,11072,5556,5187,13436,12737,15002,3710,4073,12310,18175,7463,1249,NA,12737,1223,8616,12147,15063,18322,220,16367,17188,1836,11018,13329,3346,NA,506,9022,NA,14058,12899,225,17148,6056,10565,7084,11912,11500,252,5817
7139,1537,11300,9967,16570,16454,18343,5741,17173,10823,18613,10432,NA,10094,NA,1332,18211,NA,16567,2209,10987,2803,18088,982,17114,16787,9111,17531,10463,14831,9886,13200,17698,5112,933,16257,5062,16872,7963,NA,17290,17361,6052,14180,13422,12683,13588,2016,16491,18066
3561,16495,16020,1832,6324,17380,10737,506,12755,256,13584,5768,NA,14007,NA,17267,4299,2877,1647,3321,13686,13562,9317,NA,16969,12544,9341,3705,943,19985,11597,4466,9411,16316,7407,8321,2357,18000,4258,6729,1997,10188,4112,17619,350,13783,15019
17996,4214,1184,11109,6074,8807,7685,13686,3485,2622,9659,13451,16270,14214,14729,13146,12307,15141,1313,19863,1613,5854,19332,NA,9863,15304,2556,18857,NA,16952,12438,5392,7777,13278,2581,4441
5729,9608,19237,7540,4230,8566,2837,13994,1897,12840,8658,7195,12964,9198,15826,14466,NA,9745,11118,9922,19357,14910,9508,11787,19891,4642,4372,10117,2398,6526,19558,10139,15657,16998,1738,NA,15493,10799,3733,17878,19937,19567,1184,15160,2238,513
16605,12581,15536,4819,13329,12083,18986,19062,10651,4190,17173,15916,NA,14618,10862,13895,14934,5405,5314,5467,15561,5584,9306,1001,10778,7163,17069,5069,11559,14390,NA,2069,13746,6517,1675,6085,12445,18637,3483,9029,18153,8482,3590,11573,395,NA,8764,17218,9484,2458,18411,2867,11634,16930,13593,15063,9018,18425,3999,19546,11646,11100,8159,13706,12588,NA,18,6515,18004,13552,14597
9371,9520,1023,11970,11592,2921,17024,1591,13799,14150,7540,NA,14013,15878,1662,8079,4327,1540,NA,3265,7442,10412,14306,5952,5519,10952,11909,16042,12971,19253,18941,14920,9228,11278,NA,15788,7406,17984,9461,1519,10156,6206,8186,5461,3116,12767
15509,7183,17335,19542,13065,12933,12211,17871,9539,18072,11272,12150,17278,5359,12225,10274,13482,8875,5053,3968,11962,18547,NA,5934,NA,11468,7065,9508,8890,19558,19058,NA,4542,4708,NA,116,9126,18156,7583,12176,7111,13426,16282,19274,9299,7103,5330,2294,19486,17554,6566,3706,8096,1765,NA,6431,766,6892,5649,195,16631
527,2759,19059,15188,12747,19842,3230,4964,15536,15565,1798,14853,7039,15891,9245,14457,3602,14672,3673,7819,19598,10924,8311,18321,14995,14419,6513,14474,5377,16018,15744,3774,17620,4285,3859,2353,NA,1384,4222,2417,17949,1654,15292
14429,8935,7160,16232,15605,17134,3653,7021,4667,14089,11813,5512,3597,16855,14719,6448,11469,2663,10657,1068,13697,10247,5909,19254,15364,11932,8319,455,17385,11176,120,9814,9592,6701,4700,5552,18971,17718,17579,10533,13737,2226,16190,245,10940,NA,14142,9920,3669,NA,8780,19207,19566,18517,204,3154,17096,3961,14875,16683,7735,367,17284,17436,7125,13592,3027,12306
1373,5482,3697,6056,5649,13647,13380,1686,14567,7580,11742,10644,11609,15435,18054,3008,10531,664,12593,8906,12953,13320,NA,2885,19,9991,18135,18950,15660,16297,NA,18175,12785,3531,15926,10823,16764,13777,9699,1763,13569,NA,10766,11111,11471,14053,12539,NA,6023,17604,15961,10260,8680,16403,6059,4622,14899,14580,11196,175,6736,7447,NA,5297,325,7652,3570,15995,10919,2065,18039,7774,7904,17386,4514,8206,3067,15186,18919
15666,9736,18853,12113,6717,6789,10683,6382,13722,7046,12852,826,14902,2317,17560,12611,4157,16271,7701,13592,10172,8284,18249,16583,16705,1408,4716,10750,NA,2831,17073,18558,1977,1334,13135,7852,5156,5484,19575,6602,6569,1797,2067,1044,6244,9853,4926,18697,18985,12155,13740,NA,18401,2484,4060,15755,6303,15170,10664,6020,3082,17495,4507
3687,6615,2020,9826,2526,14592,18750,14389,3060,5683,6907,18330,13082,18733,5273,18579,5479,17208,17832,14747,5935,10884,NA,19515,3646,12395,10588,19386,NA,10451,15894,2322,18263,NA,2302,8755,4641,16901,NA,9943,18821,14119,12867,1131,13536,10717,18472,NA,5511,11730,8698,12805,7503,3494,NA,19079,16604,15803,9619,17655,2136,9222,NA,10408,NA,2716,8793,19115,17409,15193,6658,15364,7737,11699,13651,2414
4118,14852,19466,3358,8449,8828,4493,19634,7716,13067,6314,6695,18705,19219,2442,13140,13869,7194,6010,2356,12128,2809,5659,6398,2534,19481,3745,1008,14388,2857,17980,11493,14094,4206,4092,NA,11079,3411,4964,17148,17926,12084,15241,1621,17672,3438,13507,NA,5033,12269,14682,13373,10540,5639,15523,13931,12820,15776
19672,6824,3620,6042,13523,259,12533,3203,17395,11914,16968,13892,1041,730,12475,2456,8116,15546,1370,2951,19573,17381,5190,17030,5051,10447,13396,485,1678,18973,13320,419,15399,1749,12401,15934,19934,18357,430,NA,13153,3556,7229,15218,7088,7102,13136,15219,3535,16174,1335,15739,NA,17355,13496,5527,9602,10220,12245
14804,6995,11057,1467,11991,19539,18986,5658,7142,10725,9768,11312,7701,19583,2758,16124,18519,2725,1947,4154,17753,3556,3865,NA,7402,19503,12735,2695,6911,18493,8509,17704,2193,13824,16406,1285,7575,239,11299,7276,16922,8274,19287,2655,14027,1844,5161,5403,NA,9423,12966,1490,13839,15820,4891,12361,10733,13712,12273,17631
18855,12712,7589,9592,18845,14155,18752,16684,17657,12854,15347,8631,4068,9797,9484,729,8298,9183,14103,18331,17460,17827,18012,16373,6280
11280,13953,3411,11275,7713,13893,2974,13221,12201,16576,18780,15767,3594,16371,14055,12075,19310,NA,2924,18613,18837,381,143,5646,7138,3644,11919,14415,5768
816,6987,16009,3598,15662,7487,9874,3025,6834,9265,2835,17182,17610,10021,9141,10315,2611,2802,7593,12995,9976,1375,18708,2117,4329,9885,17735,10185,3527,17175,13194,15425,NA,8442,NA,7041,2978,18620,11695,9980,14091,14047,10628,12086,8786,NA,13769,17631,18871,11520,8785,17132,1709,6783,13948
8844,17924,2275,11053,6053,7316,3810,6494,8715,2907,8784,7214,19815,9124,15884,461,12989,7809,14942,17873,12244,18390,4547,13177,4510,17434,13070,1837,8924,7112,14613,635,2399,2878,494,8258,3073,16876,12316,14255,899,17153,16371,4062,3298,1562,14533,5391,18807,10159,4368,12622,14746,19726,10089,9649,13580,3086,3418
11779,1924,18918,8198,3053,12187,13294,2625,19765,1143,13358,4424,1852,9678,11427,2292,4750,NA,17953,9881,17377,11020,3676,16299,6489,18688,9838,18551,NA,19551,NA,6925,NA,5021,18164,10824,9245,NA,19670,3853,4636,10338,17012,8929,18856,14349,6885,1402,4590,7663,17095,18766,4312,11143,16783,16460,NA,13873,873,5365,10057,11512,5455,11425,6574,6792,6345,15921,11101,17771,344,4320
9559,16287,13658,8128,9213,13496,5383,2603,19940,8016,6373,8869,10180,17751,5896,15896,8772,14209,5504,16610,12750,7444,12331,7574
8975,7698,7077,14725,17193,15789,10962,5379,8646,16613,464,16503,19015,16466,12158,3039,4735,2094,15463,8516,79,6013,3718,14956,NA,19977,13999,19768,4654,9789,NA,11218,10709,4045,17445,13939,NA,2344,8486,18927,8626,10401,16812,8026,NA,8649,9399,13643,13188,6192,10837,14837,11774,4238,12604,4661,917,5383,7311,6857,13487,2415,2369,500,725,6115,3850,9418,11049,11324
13793,4695,9206,10684,9446,16512,8070,6373,16488,11134,9748,7154,11147,12986,2214,8278,12239,482,822,8460,NA,19961,8001,9275,NA,18809,7761,12317,NA,5895,5667,5645,2511,1246,16974,1433,17504,1311,5977,9241,1233,8247,NA,14029,10243,11726,NA,11638,9295,15963,8378,2189,11983,14318,16682,17764,5998,14401,271,15920,16929
2958,10754,18599,10284,19904,12722,4277,2363,12182,18577,3451,NA,540,10419,2546,577,6064,13329,18249,9750,11937,15016,3064,16459,1018,NA,12394,NA,14253,1909,14859,16405,12672
10336,5623,6601,2825,4256,6334,4693,641,280,17278,16121,10726,809,8440,NA,9254,NA,5210,11848,11726,6293,11830,12131,164,6885,5442,17756,16613,12084,814,13690,14671,6198,5824,6566,5182,NA,3725,10315,9536,2385,NA,8091,NA,869,7254,2376,17958,9825,NA,17779,10869,12380,4298,16544,19570,NA,16413,16387,12576,16744,3929,11266,17007,155,6230,15404,3330
6611,14463,15897,18203,16051,6135,6673,7202,17421,15010,16247,3325,347,10830,15,7851,9590,6950,18012,804,3289,8448,18065,10298,13154,6388,4073,11696,14129,18727,5913,3552,16086,6820,2338,8745,8458,NA,6865,6180,890,8070,18739,NA,3867,115,15914,NA,1450,9215,15639,1998,16215,3575,11067,NA,14117,9579,12952,7383,11549
7002,10174,17429,10260,16473,8195,5750,8418,5714,12491,13948,8326,2202,11223,4086,19474,10283,8340,7904,4313,2143,18600,NA,4218,18049,6453,3916,19651,12066,8007,17552,7902,5509,17472,5557,18549,18091,6156,12986,16002,4380,19620,7220,3513,4389,18107,17529,18733,17510,15739,930,11971,15780,NA,12462,17860,NA,5483,12184,15373,4836,7136,3439,3146,13212,5298,7423
10941,5843,4538,8676,19966,9636,19240,19625,11529,5686,16019,9311,15001,17133,17631,17139,19356,15057,5650,2968,6109,18467,NA,8133,238,NA,16122,8652,18918,NA,819,8210,4358,13082,8238,14746,4701,13293,9785,5855,13651,14995,NA,16652,9207,NA,216,16744,7370,147,6937,13975,13054,4857,17317,7358,508,NA,4048,14877,18809,6757,4089,8559,6230,19763,12047,7305,1597,12286,9638,1415
4983,11560,19063,5727,16339,5053,17866,175,19345,11265,19379,NA,3008,1233,13536,13164,17637,8695,16293,9376,16831,12995,14746,4883,5931,16052,13362,3910,NA,13115,12264,1743,1639,17708,19545,46,1111,3518,1157,12059,6318,2940,17853,9726,10031,5681,11946,5158,15593,2186,6283,9890,12360,7116,11630,15835,17613,10894,15701,5640,6237,13021,11681,2516,6419,7282,7319,13977,3098,4002,2003,7756,9471,6572
14369,12084,9070,10964,6087,749,375,11013,12749,8326,6606,2686,14821,16668,NA,3950,14650,19250,11146,16000,6229,10168,15279,17453,10263,10599,19204,NA,16111,13807,9875,14615,4398,12589,2041,14341,10538,14632,7822,573,7821
6400,1655,11079,5133,2561,13280,17540,6024,17657,19814,15997,NA,992,7642,2435,11142,15499,3071,3041,4949,9513,3275,173,10436,8869,14890,9409,1690,12420,2794,9801,18721,1301
7410,16123,7715,11175,244,3456,3278,6067,18884,9602,16855,2547,13107,14841,NA,18905,11819,12495,19495,NA,18819,10312,6353,12493,18187
12710,9897,11500,1449,32,11947,5358,4194,12305,15235,10064,2787,13846,10454,6829,14811,12214,13477,3000,6542,5933,6355
6125,6082,11867,18582,16518,9583,16681,12721,18389,5213,11357,1813,5369,6231,5960,17672,14217,4033,380,NA,1337,19388,19249,9940,14893,12853
5027,15632,14535,13793,496,11724,1211,3537,19301,1142,15054,18870,4371,7196,13953,7333,NA,19746,4856,9888,7921,3359,11955,5636,13214,4244,10576,11425,18939,14461,13517,14486,10421,11423,18215,11807,18735,4868,8237,17571,17850,7033,6372,7680,13863,10133,14875,NA,4412,19516,611,19454,19289,16356,19497,4409,15920,14345,12546,4288,6074,309,6540,NA,19141,17314,18400,8801,17053,NA,11836,11985,15233,5537,10296,132,1942,17145
6238,10710,14055,11963,19786,19511,6915,16366,16605,18137,10100,17247,18202,8438,9951,2223,15407,7918,3664,14659,7380,7539,13027
19203,15791,12941,10805,8433,10841,18980,2982,8394,8061,15564,15769,9142,12521,9569,8101,11706,9747,18056,1667,11024,18900,9699,4855,13368,11764,NA,9215,10223,6280,212,11220,6500,16378,14932,3787,5629,5899,12312,7954,19471,15042,8787,14370,8825,6627,8972,3175,8425,6934,14425,13709,10521,7887,15902,17464,19946,4788,3176,1905,11651,7684,16716,6491,7790,NA,1516,18422,10766,6215,15026,3437,11136,19837,2934,17444,9680
15391,7349,18550,16679,17056,10174,14071,2345,4797,10585,16334,1671,NA,12442,11845,13624,19647,5360,13176,13108,15127,11331,2936,18642,12437,2165,NA,17217,15875,9045,4632,7039,11198,8831,13694,16684,14104,12156,11153,19407,491,14833,13755,12598,15949,17503,11272,6772,12718,13014,NA,14120,15711,4177,NA,8227,4555,15507,36,1377,18512,1580,17741,NA,10902,5208,13569,4582,696,5018,15875
14649,18181,19616,17107,11180,9492,3706,17612,1540,738,10978,16301,18143,13884,16731,19468,19860,9812,17942,19423,17106,13471,12058,17915,5513,52,14899,4600,18925,5310,14189,14148,9916,10780,5848,2706,9817,7776,4545,NA,9576,832,15224,7626,18345,2632,1011,13946,715,15506,2993,19494,16902,1394
15921,11850,13243,8936,14410,15862,17756,6409,3418,678,4198,18219,NA,18370,7163,13636,5642,6014,16098,368,6552,14600,NA,18055,11883,17896,9929,5353,4040,11067
2231,19426,7464,1399,5348,14391,12858,12354,10361,16226,6693,15342,6385,3128,3706,17198,17791,10988,1287,6746,3544,17380,11004,5599,13591,621,11603,7566,496,11180,19938,17262,15305,NA,5120,6230,11806,11785,7392,3704,15789,14768,3088,8606,13776,8534,6718,18306,9181,4730,2073,12294,16846,3369,15090
770,958,12329,6197,12203,13349,4519,11525,7731,10644,13764,16622,13516,11825,16643,1638,780,13921,10394,NA,16521,1882,NA,12096,15252,5366,16577,416,5295,18883,2869,11275,16373,12110,18087,4590,10748,5607,3614,10674,17520,14829,5001,6579
13298,19400,7760,11486,3076,9552,16677,6716,11653,7062,14832,7795,15202,18910,8277,13360,11825,654,16120,NA,1590,8026,NA,9616,8732,1285,11423,NA,12785,4214,19894,10305,11742,2043,18310,11692,NA,7259,10478,9457,2610,NA,15868,12392,2785,1625,12082,1112,14123,4891
2908,14897,8968,13398,13805,8075,6411,13246,15875,19945,10169,10484,8370,9450,1682,NA,12746,NA,6363,11448,5769,19231,18357,18752,15890,1513,1929,3548,6335,1145,1803
8886,14949,3104,6835,13256,13247,19015,4338,5004,4839,8023,16232,8886,7749,14356,2946,1651,5005,8576,713,9268,12394,5836,10572,19526,16467,NA,12580,12850,6321,13564,13580,2984,NA,19258,12255,9688,NA,2159,12441,19681,1056,12070,14549,5446,15417
19088,1581,15955,15634,19391,3625,12425,13719,933,18894,604,NA,17200,14867,8915,14020,13178,NA,16261,4837,13817,17087,2406,10703,8394,6985,3606,15821,4391,3502,NA,14720,18704,16091,15477,19102,19416,7774,11172,10271,5845,1972,8829,1075,3199,4283,5106,19866,15652,8251,2461,13748
9967,2107,14708,627,12056,17749,187,6685,13596,19155,14574,16866,4424,4011,6744,3966,8621,5278,13325,12114,5925,187,6257,12464,12622,9368,11526,15937,5783,7649,1463,NA,2711,16962,10507,15761,15985,3011,16591,8096,14295,12299,2427,2785,NA,12785,19169,17893,2698,11881,15885,7419
5582,16839,13785,10039,39,12051,392,8162,11108,11559,13929,13959,13115,2706,NA,14539,4750,14062,NA,10612,12058,996,2233,3575,7679,12911,16964,17524,12844,3494,17720,11512,15846,17673,18935,14145,17572,NA,14554,NA,16695,19543,1767,5256,14065,6194
2852,8922,17263,13413,19960,18583,5242,10803,15736,13330,7128,1733,5641,1227,17386,4306,5017,10243,19466,12743,2918,2831,12923,14000,6753,15621,8312,15798
